Sun Jul 08 05:22:08 2018 (5b419f80)
 6001	    11
 6011	    12
 6014	     9
 6031	     7
 6054	     3
 6204	     1
 6242	     3
 6246	     4
 6262	     1
 6273	     9
 6309	     2
 6320	    37
 6322	     6
 6385	     2
 6386	     2
 6387	    19
28101	     1
28103	     2
28107	    97
28121	     1
28129	     1
28132	     2
28137	     1
28146	     1
28155	   101
28159	    53
28167	     1
28169	    34
28172	    32
28175	    91
28176	    26
28193	    19
28196	     2
28197	     6
28251	     2
28719	   129
